898525435
898525436
898525437
898525438
898525439
898525440
898525441
898525442
898525443
898525444
898525469
898525484
898525502
898525544
898525561
898525571
898525577
898525588
898525594
898525601
898525612
898525625
898525630
898525636
898525644
898525652
898525664
898525674
898525682
898525688
898525697
898525701
898525705
898525715
898525725
898525731
898525740
898525762
898525770
898525786
898525795
898525802
898525813
898525820
898525832
898525846
898525852
898525873
898525902
898525914
898525921
898525928
898525941
898525950
898525964
898525974
898525981
898525991
898525999
898526011
898526019
898526051
898526079
898526093
898526098
898526114
898526123
898526137
898526143
898526159
898526165
898526183
898526203
898526206
898526219
898526239
898526249
898526258
898526269
898526275
898526284
898526292
898526300
898526314
898526323
898526330
898526343
898526356
898526364
898526372
898582528
898582529
898582530
898582531
898582532
898582533
898582534
898582535
898582536
898582537
898582560
898582575
898582580
898582609
898582628
898582646
898582660
898582676
898582698
898582713
898582727
898582756
898582800
898582823
898582865
898582888
898582956
898583038
898583097
898583107
898583116
898583129
898583192
898583210
898583241
898583257
898583291
898583319
898583337
898583349
898583390
898583430
898583476
898583509
898583542
898583561
898583577
898583638
898583659
898583676
898583710
898583727
898583738
898583762
898583783
898583803
898583818
898583869
898583912
898583960
898584015
898584046
898584060
898584086
898584137
898584176
898584191
898584221
898584239
898584262
898584275
898584302
898584344
898584372
898584394
898584406
898584419
898584436
898584447
898584509
898584528
898584550
898584583
898584598
898584648
898584685
898584696
898584719
898584737
898584756
898630720
898630721
898630722
898630723
898630724
898630725
898630726
898630727
898630728
898630729
898630764
898630782
898630794
898630808
898630814
898630836
898630862
898630875
898630885
898630908
898630919
898630933
898630941
898630962
898630979
898631008
898631030
898631101
898631131
898631155
898631195
898631225
898631244
898631285
898631333
898631348
898631370
898631397
898631436
898631462
898631503
898631511
898631520
898631531
898631547
898631558
898631570
898631582
898631592
898631614
898631633
898631646
898631664
898631699
898631717
898631727
898631752
898631772
898631793
898631835
898631874
898631888
898631905
898631946
898631977
898632028
898632041
898632065
898632087
898632097
898632129
898632145
898632158
898632181
898632189
898632227
898632247
898632257
898632267
898632318
898632332
898632352
898632362
898632389
898632411
898632430
898632468
898632485
898632498
898632505
898702408
898702409
898702410
898702411
898702412
898702413
898702414
898702415
898702416
898702417
898702436
898702444
898702460
898702469
898702476
898702485
898702496
898702503
898702506
898702510
898702522
898702528
898702536
898702549
898702556
898702564
898702566
898702570
898702577
898702586
898702591
898702594
898702598
898702605
898702607
898702620
898702627
898702635
898702640
898702647
898702663
898702684
898702690
898702695
898702706
898702714
898702723
898702730
898702738
898702751
898702764
898702769
898702775
898702785
898702794
898702810
898702820
898702830
898702834
898702840
898702850
898702860
898702865
898702873
898702880
898702887
898702901
898702908
898702920
898702923
898702932
898702942
898702949
898702974
898702979
898702984
898702991
898703008
898703017
898703021
898703031
898703038
898703044
898703047
898703054
898703059
898703066
898703074
898703081
898703089
898754314
898754317
898754322
898754323
898754324
898754325
898754326
898754327
898754328
898754329
898754383
898754412
898754438
898754499
898754517
898754544
898754589
898754597
898754612
898754631
898754647
898754704
898754727
898754737
898754742
898754751
898754790
898754810
898754817
898754826
898754837
898754846
898754855
898754870
898754902
898754912
898754922
898754966
898754979
898755021
898755043
898755057
898755112
898755127
898755156
898755177
898755216
898755226
898755247
898755268
898755310
898755347
898755359
898755416
898755430
898755446
898755454
898755464
898755483
898755490
898755502
898755516
898755528
898755541
898755575
898755620
898755650
898755684
898755699
898755705
898755751
898755766
898755786
898755796
898755827
898755861
898755914
898755923
898755957
898755996
898756040
898756075
898756108
898756129
898756148
898756180
898756230
898756247
898756252
898756279
898761469
898761470
898761471
898761472
898761473
898761474
898761475
898761476
898761477
898761478
898761535
898761562
898761576
898761593
898761616
898761637
898761662
898761684
898761700
898761765
898761833
898761862
898761929
898761944
898761957
898762075
898762105
898762133
898762146
898762164
898762186
898762196
898762230
898762244
898762261
898762274
898762295
898762380
898762401
898762415
898762451
898762481
898762506
898762516
898762532
898762558
898762592
898762616
898762632
898762653
898762673
898762682
898762718
898762735
898762758
898762769
898762787
898762808
898762821
898762844
898762860
898762895
898762945
898762959
898762997
898763012
898763032
898763067
898763137
898763161
898763182
898763215
898763232
898763253
898763273
898763285
898763302
898763320
898763344
898763366
898763379
898763404
898763426
898763446
898763458
898763493
898763510
898763522
898763536
898763551
898767247
898767248
898767249
898767250
898767251
898767252
898767253
898767254
898767255
898767256
898767288
898767310
898767346
898767360
898767368
898767391
898767448
898767456
898767471
898767488
898767520
898767541
898767560
898767569
898767598
898767618
898767631
898767662
898767692
898767699
898767711
898767723
898767753
898767760
898767777
898767785
898767801
898767821
898767831
898767839
898767845
898767858
898767874
898767879
898767890
898767902
898767923
898767931
898767993
898768114
898768124
898768137
898768144
898768154
898768164
898768179
898768192
898768198
898768207
898768219
898768226
898768239
898768249
898768259
898768273
898768278
898768281
898768289
898768300
898768325
898768334
898768348
898768368
898768384
898768399
898768452
898768462
898768518
898768585
898768640
898768654
898768705
898768715
898768728
898768734
898768744
898768804
898768811
898768823
898768833
898769772
898769773
898769774
898769775
898769776
898769777
898769778
898769779
898769780
898769781
898769799
898769818
898769828
898769838
898769847
898769864
898769877
898769890
898769905
898769917
898769928
898769940
898769945
898769957
898769968
898769975
898769989
898770004
898770010
898770016
898770032
898770051
898770063
898770069
898770072
898770080
898770090
898770095
898770107
898770116
898770129
898770138
898770156
898770166
898770177
898770193
898770203
898770226
898770259
898770275
898770284
898770303
898770311
898770316
898770325
898770333
898770346
898770371
898770399
898770409
898770419
898770431
898770442
898770446
898770452
898770461
898770466
898770493
898770522
898770539
898770571
898770591
898770619
898770647
898770686
898770722
898770752
898770775
898770792
898770822
898770872
898770903
898770938
898770965
898770999
898771038
898771070
898771093
898771125
898771141
898794306
898794308
898794310
898794312
898794314
898794316
898794317
898794318
898794319
898794320
898794683
898794966
898795315
898795816
898796203
898796515
898796777
898797208
898797458
898797698
898797935
898798177
898798413
898798654
898799002
898799240
898799522
898799758
898800064
898800311
898800544
898800774
898801006
898801248
898801512
898801814
898802107
898802358
898802600
898802831
898803123
898803348
898803576
898803825
898804128
898804364
898804731
898805021
898805306
898805609
898805974
898806289
898806580
898806818
898807111
898807358
898807685
898807986
898808224
898808510
898808807
898809059
898809362
898809597
898809884
898810119
898810364
898810662
898810939
898811221
898811470
898811876
898812243
898812533
898812895
898813178
898813420
898813719
898814072
898814365
898814606
898814891
898815183
898815467
898815689
898816040
898816389
898816672
898816957
898817247
898819907
898819908
898819909
898819910
898819911
898819912
898819913
898819914
898819915
898819916
898820251
898820487
898820678
898820908
898821129
898821347
898821559
898821775
898821957
898822229
898822413
898822599
898822736
898822890
898823020
898823152
898823342
898823509
898823633
898823704
898823779
898823809
898823832
898823860
898823887
898823894
898823908
898823928
898823944
898823956
898823974
898823995
898824005
898824024
898824037
898824061
898824077
898824097
898824118
898824126
898824153
898824167
898824175
898824192
898824202
898824217
898824229
898824249
898824263
898824271
898824286
898824318
898824328
898824353
898824389
898824399
898824413
898824423
898824442
898824483
898824496
898824514
898824524
898824536
898824551
898824570
898824586
898824594
898824612
898824627
898824636
898824652
898824717
898824789
898824800
898824817
898824833
898824845
898824858
898824872
898839069
898839070
898839071
898839072
898839073
898839074
898839075
898839076
898839077
898839078
898839091
898839092
898839095
898839099
898839103
898839112
898839117
898839119
898839124
898839131
898839134
898839141
898839146
898839148
898839151
898839163
898839168
898839173
898839177
898839182
898839188
898839191
898839198
898839207
898839209
898839212
898839214
898839221
898839229
898839237
898839245
898839254
898839263
898839267
898839272
898839278
898839283
898839300
898839309
898839321
898839326
898839335
898839344
898839351
898839357
898839364
898839374
898839378
898839383
898839392
898839404
898839417
898839426
898839434
898839446
898839455
898839465
898839469
898839478
898839487
898839495
898839505
898839516
898839520
898839528
898839533
898839543
898839553
898839559
898839566
898839571
898839581
898839591
898839601
898839604
898839611
898839614
898839620
898839627
898839628
898839687
898839688
898839689
898839690
898839691
898839692
898839693
898839694
898839695
898839696
898839702
898839706
898839709
898839714
898839741
898839751
898839756
898839764
898839767
898839784
898839790
898839794
898839805
898839813
898839820
898839827
898839835
898839838
898839846
898839867
898839893
898839898
898839911
898839925
898839934
898839944
898839961
898839997
898840006
898840020
898840035
898840045
898840049
898840053
898840060
898840065
898840073
898840085
898840093
898840101
898840140
898840150
898840161
898840179
898840191
898840203
898840208
898840235
898840246
898840267
898840274
898840289
898840299
898840314
898840324
898840334
898840343
898840355
898840360
898840370
898840381
898840391
898840416
898840425
898840451
898840462
898840496
898840520
898840535
898840548
898840562
898840583
898840606
898840620
898840624
898840631
898840642
898840653
898840664
898840676
